X(0) = 13.000000 + 0.000000j
X(1) = -3.121320 + -6.535534j
X(2) = -0.000000 + 1.000000j
X(3) = 1.121320 + -0.535534j
X(4) = -1.000000 + -0.000000j
X(5) = 1.121320 + 0.535534j
X(6) = 0.000000 + -1.000000j
X(7) = -3.121320 + 6.535534j
